0.00000 0.13535
0.05000 0.13535
0.10000 0.13535
0.15000 0.13535
0.20000 0.13535
0.25000 0.13535
0.30000 0.13535
0.35000 0.13535
0.40000 0.13535
0.45000 0.13535
0.50000 0.13535
0.55000 0.13535
0.60000 0.13535
0.65000 0.13535
0.70000 0.13535
0.75000 0.13535
0.80000 0.13535
0.85000 0.13535
0.90000 0.13535
0.95000 0.13535
1.00000 0.13535
1.05000 0.13535
1.10000 0.13535
1.15000 0.13535
1.20000 0.13535
1.25000 0.13535
1.30000 0.13535
1.35000 0.13535
1.40000 0.13535
1.45000 0.13535
1.50000 0.13535
1.55000 0.13535
1.60000 0.13535
1.65000 0.13535
1.70000 0.13535
1.75000 0.13535
1.80000 0.13535
1.85000 0.13545
1.90000 0.13545
1.95000 0.13545
2.00000 0.13545
2.05000 0.13545
2.10000 0.13545
2.15000 0.13545
2.20000 0.13535
2.25000 0.13535
2.30000 0.13535
2.35000 0.13535
2.40000 0.13535
2.45000 0.13535
2.50000 0.13535
2.55000 0.13535
2.60000 0.13535
2.65000 0.13525
2.70000 0.13525
2.75000 0.13525
2.80000 0.13525
2.85000 0.13515
2.90000 0.13515
2.95000 0.13515
3.00000 0.13515
3.05000 0.13505
3.10000 0.13505
3.15000 0.13505
3.20000 0.13505
3.25000 0.13505
3.30000 0.13495
3.35000 0.13495
3.40000 0.13495
3.45000 0.13485
3.50000 0.13485
3.55000 0.13485
3.60000 0.13475
3.65000 0.13475
3.70000 0.13465
3.75000 0.13465
3.80000 0.13455
3.85000 0.13455
3.90000 0.13445
3.95000 0.13445
4.00000 0.13435
4.05000 0.13425
4.10000 0.13415
4.15000 0.13415
4.20000 0.13405
4.25000 0.13395
4.30000 0.13395
4.35000 0.13385
4.40000 0.13375
4.45000 0.13375
4.50000 0.13365
4.55000 0.13355
4.60000 0.13355
4.65000 0.13345
4.70000 0.13345
4.75000 0.13335
4.80000 0.13335
4.85000 0.13335
4.90000 0.13325
4.95000 0.13325
5.00000 0.13325
5.05000 0.13325
5.10000 0.13315
5.15000 0.13315
5.20000 0.13315
5.25000 0.13305
5.30000 0.13305
5.35000 0.13305
5.40000 0.13305
5.45000 0.13295
5.50000 0.13295
5.55000 0.13295
5.60000 0.13285
5.65000 0.13285
5.70000 0.13285
5.75000 0.13275
5.80000 0.13275
5.85000 0.13275
5.90000 0.13265
5.95000 0.13265
6.00000 0.13265
6.05000 0.13265
6.10000 0.13255
6.15000 0.13255
6.20000 0.13255
6.25000 0.13255
6.30000 0.13255
6.35000 0.13255
6.40000 0.13255
6.45000 0.13245
6.50000 0.13245
6.55000 0.13245
6.60000 0.13245
6.65000 0.13245
6.70000 0.13245
6.75000 0.13245
6.80000 0.13245
6.85000 0.13245
6.90000 0.13245
6.95000 0.13245
7.00000 0.13245
7.05000 0.13245
7.10000 0.13245
7.15000 0.13245
7.20000 0.13255
7.25000 0.13255
7.30000 0.13255
7.35000 0.13265
7.40000 0.13275
7.45000 0.13285
7.50000 0.13285
7.55000 0.13295
7.60000 0.13305
7.65000 0.13325
7.70000 0.13335
7.75000 0.13345
7.80000 0.13355
7.85000 0.13375
7.90000 0.13385
7.95000 0.13395
8.00000 0.13405
8.05000 0.13425
8.10000 0.13435
8.15000 0.13445
8.20000 0.13455
8.25000 0.13475
8.30000 0.13485
8.35000 0.13495
8.40000 0.13505
8.45000 0.13515
8.50000 0.13535
8.55000 0.13545
8.60000 0.13555
8.65000 0.13575
8.70000 0.13595
8.75000 0.13605
8.80000 0.13625
8.85000 0.13645
8.90000 0.13675
8.95000 0.13695
9.00000 0.13725
9.05000 0.13755
9.10000 0.13785
9.15000 0.13815
9.20000 0.13845
9.25000 0.13875
9.30000 0.13915
9.35000 0.13945
9.40000 0.13985
9.45000 0.14025
9.50000 0.14055
9.55000 0.14095
9.60000 0.14135
9.65000 0.14165
9.70000 0.14205
9.75000 0.14235
9.80000 0.14275
9.85000 0.14305
9.90000 0.14335
9.95000 0.14365
10.00000 0.14395
10.05000 0.14425
10.10000 0.14455
10.15000 0.14485
10.20000 0.14515
10.25000 0.14545
10.30000 0.14565
10.35000 0.14595
10.40000 0.14625
10.45000 0.14645
10.50000 0.14675
10.55000 0.14695
10.60000 0.14725
10.65000 0.14745
10.70000 0.14775
10.75000 0.14795
10.80000 0.14815
10.85000 0.14835
10.90000 0.14865
10.95000 0.14885
11.00000 0.14905
11.05000 0.14925
11.10000 0.14945
11.15000 0.14955
11.20000 0.14975
11.25000 0.14995
11.30000 0.15005
11.35000 0.15025
11.40000 0.15035
11.45000 0.15055
11.50000 0.15065
11.55000 0.15075
11.60000 0.15085
11.65000 0.15095
11.70000 0.15105
11.75000 0.15115
11.80000 0.15125
11.85000 0.15125
11.90000 0.15135
11.95000 0.15135
12.00000 0.15145
12.05000 0.15145
12.10000 0.15155
12.15000 0.15155
12.20000 0.15155
12.25000 0.15155
12.30000 0.15155
12.35000 0.15155
12.40000 0.15145
12.45000 0.15145
12.50000 0.15145
12.55000 0.15135
12.60000 0.15125
12.65000 0.15125
12.70000 0.15115
12.75000 0.15105
12.80000 0.15095
12.85000 0.15085
12.90000 0.15065
12.95000 0.15055
13.00000 0.15045
13.05000 0.15025
13.10000 0.15015
13.15000 0.14995
13.20000 0.14975
13.25000 0.14965
13.30000 0.14945
13.35000 0.14925
13.40000 0.14915
13.45000 0.14895
13.50000 0.14875
13.55000 0.14855
13.60000 0.14845
13.65000 0.14825
13.70000 0.14805
13.75000 0.14785
13.80000 0.14765
13.85000 0.14745
13.90000 0.14725
13.95000 0.14705
14.00000 0.14685
14.05000 0.14665
14.10000 0.14645
14.15000 0.14625
14.20000 0.14595
14.25000 0.14575
14.30000 0.14555
14.35000 0.14525
14.40000 0.14505
14.45000 0.14475
14.50000 0.14455
14.55000 0.14425
14.60000 0.14405
14.65000 0.14375
14.70000 0.14345
14.75000 0.14315
14.80000 0.14295
14.85000 0.14265
14.90000 0.14235
14.95000 0.14205
15.00000 0.14185
15.05000 0.14155
15.10000 0.14125
15.15000 0.14095
15.20000 0.14075
15.25000 0.14045
15.30000 0.14015
15.35000 0.13985
15.40000 0.13965
15.45000 0.13935
15.50000 0.13915
15.55000 0.13885
15.60000 0.13865
15.65000 0.13845
15.70000 0.13815
15.75000 0.13795
15.80000 0.13775
15.85000 0.13755
15.90000 0.13735
15.95000 0.13725
16.00000 0.13705
16.05000 0.13695
16.10000 0.13675
16.15000 0.13665
16.20000 0.13655
16.25000 0.13645
16.30000 0.13635
16.35000 0.13625
16.40000 0.13615
16.45000 0.13605
16.50000 0.13595
16.55000 0.13585
16.60000 0.13575
16.65000 0.13565
16.70000 0.13555
16.75000 0.13535
16.80000 0.13525
16.85000 0.13515
16.90000 0.13495
16.95000 0.13485
17.00000 0.13475
17.05000 0.13455
17.10000 0.13445
17.15000 0.13425
17.20000 0.13405
17.25000 0.13395
17.30000 0.13375
17.35000 0.13365
17.40000 0.13355
17.45000 0.13335
17.50000 0.13325
17.55000 0.13305
17.60000 0.13295
17.65000 0.13285
17.70000 0.13265
17.75000 0.13255
17.80000 0.13235
17.85000 0.13225
17.90000 0.13205
17.95000 0.13185
18.00000 0.13165
18.05000 0.13155
18.10000 0.13135
18.15000 0.13115
18.20000 0.13085
18.25000 0.13065
18.30000 0.13045
18.35000 0.13025
18.40000 0.12995
18.45000 0.12975
18.50000 0.12945
18.55000 0.12925
18.60000 0.12895
18.65000 0.12875
18.70000 0.12855
18.75000 0.12825
18.80000 0.12805
18.85000 0.12785
18.90000 0.12765
18.95000 0.12745
19.00000 0.12725
19.05000 0.12705
19.10000 0.12685
19.15000 0.12665
19.20000 0.12655
19.25000 0.12635
19.30000 0.12615
19.35000 0.12605
19.40000 0.12585
19.45000 0.12565
19.50000 0.12555
19.55000 0.12535
19.60000 0.12525
19.65000 0.12515
19.70000 0.12495
19.75000 0.12485
19.80000 0.12475
19.85000 0.12465
19.90000 0.12445
19.95000 0.12435
20.00000 0.12425
20.05000 0.12415
20.10000 0.12415
20.15000 0.12405
20.20000 0.12395
20.25000 0.12395
20.30000 0.12385
20.35000 0.12385
20.40000 0.12385
20.45000 0.12385
20.50000 0.12385
20.55000 0.12385
20.60000 0.12395
20.65000 0.12405
20.70000 0.12415
20.75000 0.12425
20.80000 0.12445
20.85000 0.12465
20.90000 0.12495
20.95000 0.12515
21.00000 0.12545
21.05000 0.12585
21.10000 0.12625
21.15000 0.12665
21.20000 0.12705
21.25000 0.12755
21.30000 0.12805
21.35000 0.12855
21.40000 0.12915
21.45000 0.12965
21.50000 0.13025
21.55000 0.13075
21.60000 0.13135
21.65000 0.13185
21.70000 0.13235
21.75000 0.13285
21.80000 0.13335
21.85000 0.13375
21.90000 0.13415
21.95000 0.13455
22.00000 0.13485
22.05000 0.13515
22.10000 0.13535
22.15000 0.13555
22.20000 0.13575
22.25000 0.13595
22.30000 0.13605
22.35000 0.13615
22.40000 0.13625
22.45000 0.13635
23.00000 0.13635
